andreaticks = [ 1:1:10 ];
andreatimes = [ 0.000005 0.000000 0.000002 0.000002 0.000002 0.000002 0.000002 0.000002 0.000002 0.000002 ];
