andreaticks = [ 1:100:1000 ];
andreatimes = [ 0.000017 0.000053 0.000160 0.000301 0.000458 0.000586 0.001298 0.001057 0.001329 0.001257 ];
