andreaticks = [ 1:1:10 ];
andreatimes = [ 0.000006 0.000002 0.000001 0.000002 0.000002 0.000002 0.000002 0.000002 0.000002 0.000001 ];
